3 0.11692708333333333 0.09490740740740741 0.20677083333333332 0.1787037037037037 
3 0.2838541666666667 0.11574074074074074 0.103125 0.17777777777777778 
3 0.5458333333333333 0.22870370370370371 0.11354166666666667 0.10185185185185185 
1 0.5518229166666667 0.09027777777777778 0.1484375 0.16574074074074074 
2 0.47552083333333334 0.1412037037037037 0.13854166666666667 0.17314814814814813 
3 0.1828125 0.6504629629629629 0.0625 0.11018518518518519 
2 0.22604166666666667 0.6203703703703703 0.20625 0.2351851851851852 
3 0.82265625 0.14814814814814814 0.09739583333333333 0.10185185185185185 
2 0.7986979166666667 0.0712962962962963 0.11614583333333334 0.11481481481481481 
3 0.7919270833333333 0.2574074074074074 0.019270833333333334 0.027777777777777776 
3 0.8380208333333333 0.2662037037037037 0.04895833333333333 0.019444444444444445 
3 0.7458333333333333 0.2273148148148148 0.0125 0.026851851851851852 
