3 0.763671875 0.2986111111111111 0.11640625 0.1388888888888889 
3 0.803515625 0.4166666666666667 0.06640625 0.05277777777777778 
3 0.86953125 0.3680555555555556 0.05 0.07222222222222222 
3 0.50234375 0.26458333333333334 0.0609375 0.059722222222222225 
3 0.441796875 0.3416666666666667 0.02421875 0.03888888888888889 
3 0.540234375 0.36319444444444443 0.01953125 0.043055555555555555 
3 0.5984375 0.30625 0.0125 0.015277777777777777 
3 0.6671875 0.33819444444444446 0.0125 0.020833333333333332 
3 0.654296875 0.3798611111111111 0.01171875 0.020833333333333332 
3 0.8390625 0.3013888888888889 0.0234375 0.025 
3 0.684375 0.30694444444444446 0.009375 0.013888888888888888 
3 0.65546875 0.25625 0.0203125 0.020833333333333332 
3 0.590234375 0.2708333333333333 0.01953125 0.016666666666666666 
3 0.658203125 0.40694444444444444 0.02578125 0.022222222222222223 
3 0.8 0.3902777777777778 0.0140625 0.025 
