3 0.11979166666666667 0.1 0.1875 0.16296296296296298 
3 0.26276041666666666 0.11990740740740741 0.09947916666666666 0.14907407407407408 
2 0.13125 0.04537037037037037 0.25729166666666664 0.09074074074074075 
3 0.5377604166666666 0.25 0.10052083333333334 0.08148148148148149 
0 0.5588541666666667 0.10138888888888889 0.13854166666666667 0.20277777777777778 
2 0.453125 0.13055555555555556 0.15 0.2574074074074074 
3 0.8130208333333333 0.1300925925925926 0.0875 0.13425925925925927 
3 0.8364583333333333 0.2449074074074074 0.052083333333333336 0.028703703703703703 
3 0.7450520833333333 0.22314814814814815 0.024479166666666666 0.06481481481481481 
2 0.75703125 0.07361111111111111 0.14010416666666667 0.14351851851851852 
3 0.18802083333333333 0.5981481481481481 0.07604166666666666 0.11851851851851852 
2 0.24427083333333333 0.5532407407407407 0.10625 0.11203703703703703 
2 0.16979166666666667 0.5300925925925926 0.04479166666666667 0.05462962962962963 
