3 0.10703125 0.10972222222222222 0.2140625 0.14537037037037037 
3 0.26171875 0.11527777777777778 0.09010416666666667 0.15648148148148147 
2 0.16276041666666666 0.02546296296296296 0.30885416666666665 0.05092592592592592 
3 0.5377604166666666 0.24074074074074073 0.1078125 0.08703703703703704 
2 0.45364583333333336 0.15324074074074073 0.16770833333333332 0.2101851851851852 
0 0.5552083333333333 0.0875 0.14270833333333333 0.16018518518518518 
3 0.81875 0.1310185185185185 0.08020833333333334 0.10833333333333334 
3 0.7455729166666667 0.22777777777777777 0.024479166666666666 0.046296296296296294 
2 0.74453125 0.07268518518518519 0.13802083333333334 0.14537037037037037 
3 0.1875 0.624537037037037 0.078125 0.12685185185185185 
2 0.23515625 0.5351851851851852 0.18489583333333334 0.06296296296296296 
2 0.25338541666666664 0.638425925925926 0.059895833333333336 0.15462962962962962 
